10

1 2 3 4 5 6 7 8 9 10 11
2 12 13 14 15 16 17 18 19 20 21
3 13 22 23 24 25 26 27 28 29 30
4 14 23 31 32 33 34 35 36 37 38
5 15 24 32 39 40 41 42 43 44 45
6 16 25 33 40 46 47 48 49 50 51
7 17 26 34 41 47 52 53 54 55 56
8 18 27 35 42 48 53 57 58 59 60
9 19 28 36 43 49 54 58 61 62 63
10 20 29 37 44 50 55 59 62 64 65
11 21 30 38 45 51 56 60 63 65 66